319
118
117
321
38
123
142
137
321
19
114
338
310
319
327
147
113
13
145
113
143
131
315
317
311
350
310
123
37
32
349
323
18
311
144
319
318
314
341
13
36
342
147
16
120
313
310
345
11
19
347
310
328
322
393
110
375
165
164
197
324
322
185
118
165
117
153
179
355
385
18
19
395
314
141
341
362
137
315
117
160
377
360
136
336
132
332
145
155
323
162
339
364
157
17
360
189
170
189
372
184
348
1866
115
3877
356
394
340
123
354
335
1321
321
132
3872
356
350
1340
16
344
144
167
394
195
368
332
132
157
199
37
1589
381
3957
367
331
3683
319
312
114
32
180
3502
188
315
110
1739
14
166
124
142
345
188
175
3491
148
311
314
114
381
181
363
337
38
147
339
373
173
3947
3973
342
175
313
1207
145
159
311
342
142
315
1615
132
1151
186
142
12
377
164
387
313
3189
189
322
390
388
356
391
353
371
171
368
116
342
36
170
130
317
189
359
313
114
314
187
3573
1386
39
132
12
346
11
135
146
361
391
33
164
130
176
3999
317
386
362
371
3471
35
365
376
176
191
19
186
194
175
355
393
124
189
180
186
114
386
186
119
332
387
1738
162
144
1750
16
198
3366
365
367
386
3514
3164
320
346
160
330
162
362
355
345
384
186
199
31
3414
162
3893
397
373
1739
176
3362
317
1211
341
125
1112
164
366
115
352
176
135
338
3129
172
16
311
130
321
39
154
146
194
3280
159
384
1616
3595
3745
135
3334
3114
395
143
312
151
355
384
191
1706
32
395
376
176
3397
315
3927
139
123
177
174
334
3440
321
1221
145
345
180
116
17
114
1283
118
318
3839
1239
391
191
366
354
337
342
199
3836
111
3575
354
341
129
394
340
172
372
1556
310
1854
321
179
315
3331
183
132
188
135
150
329
1210
365
1346
138
144
344
3314
379
156
114
377
31
120
1581
349
128
1725
354
3450
353
373
157
179
3726
137
179
350
329
1879
392
31
155
362
1550
395
3932
370
197
163
310
1214
133
150
1834
3534
331
131
341
170
171
194
1406
343
3264
348
353
136
356
385
371
1127
379
3986
122
374
326
313
147
166
345
163
1677
3636
359
397
197
323
132
324
1654
181
1280
1598
12
398
3286
1247
3632
139
111
138
332
387
328
124
161
162
382
163
3627
373
3526
374
323
123
384
337
36
318
145
161
358
363
191
169
160
140
152
3118
166
328
3872
150
154
196
150
3520
330
178
3578
3242
347
121
168
346
354
155
348
37
393
3726
381
18
325
3983
3255
1752
152
383
175
392
129
147
325
366
334
1352
392
144
330
1321
356
1303
158
364
3936
3118
157
172
149
358
198
154
363
162
38
38
128
351
343
139
146
163
1781
1256
3101
332
3985
338
1975
1538
11
1203
325
3592
364
1664
337
363
134
334
364
3536
3689
189
313
3587
127
1573
1747
3462
115
178
116
199
371
160
1125
193
1863
371
392
192
18
372
172
123
3323
166
3139
1187
314
142
153
192
387
146
346
312
112
130
375
1645
373
144
371
350
315
3235
157
1426
160
339
196
11
31
13
36
137
1766
1420
180
142
366
350
158
181
135
1365
3565
1369
16
375
342
38
150
32
181
121
123
380
347
396
350
1314
136
197
3460
163
1103
186
111
143
343
345
355
327
119
392
14
133
398
187
360
366
182
1621
144
185
365
367
318
382
19
39
330
144
3774
381
349
391
311
192
114
160
381
3593
362
338
336
3277
390
393
375
159
337
3824
173
369
179
1241
327
3726
35
382
398
3513
155
118
341
192
152
18
3784
390
14
156
398
1667
312
173
321
1821
3149
16
325
121
353
146
119
312
3569
199
190
165
336
3302
337
137
3388
188
161
316
314
185
316
3602
3698
357
343
356
180
176
171
1601
34
169
35
1115
321
174
123
368
123
163
341
318
118
1784
126
138
348
198
191
362
173
1811
339
372
197
193
3935
145
131
336
395
351
115
136
3410
1805
15
186
386
171
3371
343
310
361
159
311
334
311
193
118
358
179
3588
3233
39
391
1496
14
392
140
31
1828
185
361
366
1998
383
364
145
171
132
342
3653
149
379
392
315
16
36
145
3194
329
178
176
376
137
3359
15
117
392
1957
362
18
311
178
311
1457
357
372
15
152
351
114
148
3460
1617
180
1154
368
157
1357
332
132
152
148
1467
312
3855
351
349
190
390
173
340
391
332
310
188
146
3851
3683
37
3649
3313
1544
375
192
19
3198
197
161
361
353
368
365
1685
399
355
312
151
389
15
135
164
198
397
3453
153
337
340
35
354
342
345
13
112
183
1181
144
34
162
37
149
146
136
372
190
198
12
373
379
3548
3696
34
1347
347
189
111
1572
122
394
1885
115
162
176
370
1830
161
141
324
193
131
363
351
3821
124
147
341
342
1970
177
332
368
349
3251
149
349
163
137
143
136
351
158
386
1549
19
336
1996
356
128
376
138
322
112
3974
368
322
32
37
1731
3660
1132
146
124
388
313
159
366
155
3364
175
1806
36
398
365
328
139
3468
158
3328
3610
18
3181
151
139
17
344
167
39
162
3427
181
188
125
133
168
1388
1420
376
125
3325
313
314
37
3166
150
324
354
372
114
1179
3759
3634
355
189
334
361
367
18
3395
110
377
318
171
1596
1690
178
173
193
1376
159
164
3382
188
133
339
143
157
128
157
152
3416
165
199
162
345
341
1682
343
191
198
389
375
325
179
3571
38
11
199
176
376
360
110
140
382
192
121
191
188
1264
358
383
1779
3286
115
163
353
3587
366
388
115
364
335
184
159
374
133
371
1953
125
37
1470
1112
373
38
351
310
176
156
110
3788
1499
380
358
1327
349
149
374
374
1633
115
3948
148
147
1153
140
33
163
186
159
195
38
336
157
398
393
117
379
196
395
199
187
3687
163
363
179
121
3156
131
138
1826
151
375
369
395
125
124
399
312
389
15
195
159
386
344
351
13
119
1687
3987
1970
392
166
156
336
332
146
364
160
374
353
322
325
33
383
186
381
165
181
133
1830
1829
365
136
172
34
1304
171
328
1395
3899
1296
335
170
130
124
176
333
133
1411
31
179
389
129
317
312
313
1265
1111
318
1455
315
163
121
1454
323
116
189
195
317
1517
360
16
1854
135
335
323
1823
136
192
338
399
137
3928
169
131
181
179
176
187
180
197
326
1276
181
169
369
317
191
187
3812
120
114
314
169
39
140
18
1462
362
192
192
387
169
374
192
392
3893
191
186
151
391
347
148
172
1360
146
3823
1367
133
357
3879
348
138
354
130
332
1791
3663
326
1828
326
16
192
335
153
134
341
155
3266
190
389
199
138
338
395
19
3163
126
123
1820
320
3563
164
130
348
1317
358
147
389
166
190
348
35
1447
337
369
168
3912
3905
178
136
191
175
125
1797
377
383
190
3827
364
336
118
314
364
160
3364
1986
178
1579
143
3479
343
34
196
368
3171
353
1946
343
1997
162
138
33
3777
180
361
3341
139
1563
3118
337
147
392
121
154
176
1252
1997
323
11
122
173
15
3478
3884
316
199
371
357
128
188
193
18
15
352
159
188
155
355
112
122
174
1404
361
1461
3236
192
328
157
142
3510
180
397
379
3621
145
311
398
164
3979
321
321
315
194
382
124
198
398
172
372
39
19
330
39
139
1669
369
184
384
187
311
376
1906
1421
327
1655
110
135
1713
369
390
354
332
132
156
1211
133
13
353
311
1610
138
113
129
39
180
142
345
173
3423
111
110
132
195
383
312
39
392
363
174
311
131
1270
1164
3863
362
161
1886
360
135
138
1316
3715
115
164
379
144
326
164
195
183
1185
356
194
3783
3372
172
111
189
1757
187
344
158
390
132
128
374
142
14
1971
389
3982
171
371
35
314
381
382
182
372
391
313
324
310
390
174
390
384
159
359
319
3990
3896
395
388
148
1240
1147
153
13
144
153
3993
3167
147
113
182
361
188
191
12
1652
354
132
393
3139
16
194
121
159
172
323
13
386
362
337
357
390
337
172
165
358
347
324
151
183
114
1781
198
189
383
120
325
384
110
145
370
324
136
188
340
140
1406
365
32
339
329
371
186
3444
152
190
179
1237
314
393
188
119
1838
348
177
1646
159
128
327
373
381
346
128
369
332
333
358
186
341
3622
384
13
1949
378
172
394
170
1330
167
367
389
363
343
128
333
36
1306
134
361
129
32
166
3666
118
333
341
1956
165
166
343
173
39
121
368
35
331
160
3522
360
1212
356
383
180
18
333
175
348
1498
129
171
38
361
118
349
393
18
1985
121
335
333
353
182
382
148
12
3430
1379
11
129
329
152
352
194
334
311
35
3799
3342
33
3855
155
159
359
3744
1974
170
114
11
185
3356
336
1360
132
159
3659
120
333
1461
387
185
3346
135
335
114
15
35
34
19
181
176
1148
361
137
15
357
348
117
372
155
179
35
374
12
32
356
179
1362
385
3407
1207
31
194
393
118
341
12
1621
182
337
188
3485
152
311
111
357
330
187
164
119
310
167
340
131
331
13
129
168
115
315
3470
349
3581
35
354
191
1855
387
13
3447
3380
3844
145
377
124
1536
311
396
145
398
1469
318
146
13
375
1658
352
169
13
33
14
1967
129
3490
1906
389
110
135
138
33
328
318
1231
354
318
320
3268
3607
325
196
14
351
349
144
366
1791
155
132
137
17
345
355
361
1647
133
316
33
197
1485
322
140
383
3550
191
358
346
166
395
1575
354
153
399
392
191
1768
188
355
345
145
399
199
3316
116
132
168
346
3865
148
142
379
3609
19
185
115
136
336
358
158
1720
146
1473
1793
332
368
114
366
380
112
177
168
339
312
194
160
125
327
12
366
357
149
121
323
384
15
323
1388
130
3902
371
173
3146
3508
346
31
367
132
156
1780
13
3303
313
1526
335
378
143
343
3530
130
312
141
181
348
164
398
153
328
186
376
363
370
378
1984
1503
3470
398
392
377
32
135
165
153
353
368
168
1880
340
3471
355
349
310
352
338
3584
1256
163
365
3235
38
188
120
158
169
173
198
170
3532
350
386
1861
129
359
3531
388
350
1739
199
1121
355
3108
369
1383
372
340
313
347
380
1680
33
397
3343
357
156
365
3511
158
346
392
154
146
1952
157
191
160
360
331
369
368
3480
380
372
398
3454
360
3168
332
3588
117
354
137
3316
177
15
366
3317
117
3784
160
3609
392
3675
380
180
17
3507
381
342
3977
135
165
140
1644
199
14
319
1534
326
124
319
311
3560
353
136
128
1845
351
315
395
195
380
180
124
176
163
399
136
128
370
1363
179
127
327
326
324
1471
179
370
3289
3341
3107
17
1672
3965
32
371
144
122
136
330
325
156
3454
354
1635
14
132
347
311
334
192
380
180
3540
184
142
1556
157
3999
163
313
313
348
3889
310
3190
372
328
195
159
389
320
330
129
3823
179
362
177
3915
314
1619
1507
312
194
164
33
145
12
393
3528
334
120
121
1612
17
134
3956
377
356
1948
145
19
1346
197
13
172
171
157
393
183
390
199
3399
39
3976
1885
148
193
156
397
161
139
137
163
1633
167
354
346
342
117
1425
3645
355
331
394
3788
387
385
315
1264
3565
1601
133
153
181
367
3661
339
364
3561
161
3736
157
376
171
322
328
18
1719
33
151
3277
133
374
141
367
333
370
3830
114
194
192
338
3762
15
324
3638
167
190
3457
143
1314
350
350
1157
143
184
16
390
129
139
359
122
158
183
372
312
35
36
158
350
115
120
36
143
360
1803
3907
17
147
352
395
3768
332
369
3221
333
1123
321
1666
3808
163
34
358
353
39
139
334
119
328
3227
1652
1269
375
195
126
312
165
173
386
145
198
1105
117
183
317
383
175
375
35
15
35
165
13
3568
3171
190
186
321
379
341
359
337
132
1618
313
384
330
3715
371
19
38
339
362
157
338
329
390
150
369
3887
394
3473
141
368
3419
123
196
334
140
343
363
1473
1856
360
369
3573
3954
373
117
345
372
114
3243
129
127
173
130
1787
393
352
113
115
127
327
369
331
193
17
137
317
182
198
334
3166
333
133
1307
178
116
3142
165
1676
3259
153
151
155
134
388
311
333
188
110
398
130
129
3573
112
1358
312
346
116
319
1479
1634
140
193
157
354
3701
3927
3792
174
352
348
362
3831
193
195
395
3641
328
3231
383
317
342
149
37
325
124
39
1833
323
192
157
38
127
196
375
3589
3149
111
3632
331
353
127
1927
1468
313
355
392
1592
152
316
3636
155
130
131
184
325
130
341
1736
1621
321
394
3616
316
374
184
35
121
364
175
189
161
17
126
16
17
3547
161
394
113
19
3949
116
386
128
142
134
364
154
1942
348
318
340
124
155
353
374
188
19
127
395
388
354
380
319
3947
381
136
1886
388
194
36
128
1491
336
1363
37
170
350
3149
1641
159
1992
393
15
398
32
1456
110
3874
116
158
374
161
139
3267
1160
1827
345
378
397
339
170
142
368
349
394
362
3406
138
144
376
395
3305
142
382
174
149
346
337
142
310
38
322
3655
3595
148
336
1420
116
3284
184
179
1522
159
1540
318
1818
346
360
128
345
3762
370
3745
180
3668
339
330
172
121
392
124
132
3984
390
326
16
157
178
150
115
1511
155
386
317
112
384
13
132
1717
1451
32
1302
1689
389
1663
328
335
125
146
391
179
333
174
1359
129
1124
192
34
385
315
1875
124
11
193
17
363
372
135
318
154
317
181
334
183
3561
3224
179
1157
332
317
149
316
371
313
3744
344
342
130
119
181
352
179
1473
155
34
361
38
341
350
120
311
357
33
160
397
379
343
192
118
139
165
1305
1647
153
141
159
132
3932
1780
348
168
14
327
120
149
339
1151
358
3716
384
1419
319
1131
114
1262
3632
375
395
195
185
146
3542
111
377
348
1387
362
332
3366
139
3759
112
3757
380
136
378
1744
369
1510
176
349
375
148
179
1221
312
388
388
3875
336
132
167
39
19
386
1856
370
362
3638
322
378
3391
186
1705
329
371
3888
392
370
166
181
397
344
387
1893
138
1437
163
381
162
119
381
1738
1682
155
386
144
374
346
168
3639
361
139
3567
398
388
114
198
336
157
3219
324
376
185
126
181
18
1656
350
328
393
3885
386
314
174
374
153
141
150
35
172
1474
315
130
120
199
119
3963
170
12
347
166
373
36
150
163
3148
352
126
3226
147
1860
193
35
336
359
327
142
153
3436
332
373
394
333
351
153
174
376
178
122
331
369
387
110
3923
335
365
173
127
326
3974
175
126
199
331
131
338
185
1453
37
359
166
398
365
337
153
353
1145
198
335
337
338
353
120
193
1741
129
172
165
325
1222
1761
378
16
1214
139
369
148
317
142
343
125
325
194
378
193
175
157
1830
197
368
174
3974
381
319
1226
174
197
397
346
187
119
140
163
1969
168
310
317
127
1460
345
3125
319
371
162
19
138
338
1429
36
394
387
366
156
197
196
131
1555
318
364
316
179
144
37
130
199
171
112
381
320
1189
378
139
154
131
328
163
320
3361
187
36
1105
386
3158
342
150
376
3409
316
349
139
339
1571
371
162
116
183
362
13
32
193
1745
162
347
353
381
3119
352
3248
3853
352
3826
369
196
336
3760
195
338
149
36
348
1948
128
172
137
189
3751
125
34
1304
341
165
391
352
119
383
364
147
384
184
319
3881
1628
343
352
333
3635
377
388
3143
332
325
198
333
178
185
164
344
152
1231
337
131
325
3785
315
343
1143
316
3410
126
328
336
192
133
139
189
18
3497
166
366
193
393
111
311
1789
341
152
156
144
39
19
143
17
150
1368
13
371
169
3841
1575
369
166
3111
193
118
371
1482
3911
324
156
323
39
312
112
3294
3644
3883
3108
335
378
3428
395
165
374
326
345
140
397
3620
122
3253
347
3225
375
144
352
18
3809
335
140
36
129
340
1884
3213
387
363
111
1283
374
180
335
376
370
319
399
373
3276
352
186
341
322
3181
3942
180
156
164
161
3707
178
3132
365
161
336
140
1877
3177
1890
1310
381
181
18
180
344
156
352
313
3619
394
171
366
182
140
349
159
359
344
367
388
117
318
1739
339
312
354
16
3966
312
19
371
183
379
157
347
15
376
115
1174
168
141
3341
160
166
1933
1429
112
159
3859
136
188
320
34
1112
1306
347
133
341
1637
123
323
1507
1881
1601
131
180
1378
176
124
122
33
188
3585
331
336
167
133
143
3876
347
153
379
173
327
365
399
3881
172
141
159
388
136
184
3757
3655
3318
198
392
1892
362
114
148
16
192
398
1982
335
322
194
393
31
345
313
133
342
1525
394
1961
3528
158
191
3519
181
167
377
157
3815
1435
3973
173
358
316
380
1454
185
115
350
3550
115
182
1708
3962
1948
3291
313
113
1839
3235
348
356
13
116
159
3378
3641
115
1797
362
1785
37
174
1564
1275
351
332
13
383
164
3830
323
376
136
173
16
323
1311
3246
1673
330
372
332
368
3616
3711
161
1486
1810
371
354
35
341
367
123
166
119
319
381
312
365
3697
313
355
173
331
1396
14
312
1180
378
1110
357
343
32
3212
3398
3288
3796
381
114
177
317
381
1570
392
394
395
3613
392
1140
3520
191
365
154
174
181
170
175
335
1783
322
138
380
384
393
35
191
341
184
334
323
315
328
164
1997
325
198
323
14
1188
3685
3824
330
389
374
352
350
165
3536
319
1356
356
110
3218
322
124
137
144
320
390
1148
364
16
1880
147
197
378
154
323
124
34
397
353
344
317
186
372
123
15
172
327
341
384
1536
384
17
37
1691
391
156
152
3130
397
136
315
32
189
138
173
1692
154
3946
397
313
192
3844
162
396
128
185
183
1695
135
118
348
369
186
183
180
371
1652
1239
352
3948
348
162
339
114
143
168
344
356
179
3879
16
363
3592
120
173
194
118
173
138
387
198
378
119
319
162
122
167
364
114
3401
314
376
190
165
3531
1158
392
112
199
145
342
314
310
325
365
160
15
365
121
329
115
338
36
1670
167
392
175
388
15
1198
3453
368
120
188
1779
128
389
33
125
325
323
123
359
1564
1776
152
167
383
338
379
329
397
3874
370
310
198
1603
160
141
188
3810
195
19
196
367
3495
3538
147
162
350
122
186
367
152
155
193
1272
190
190
352
394
3906
155
392
1723
114
388
188
396
363
3741
181
143
197
179
3154
115
139
192
1207
331
12
370
119
114
362
3844
173
1754
329
336
1597
346
365
375
161
380
3553
357
112
198
173
357
132
141
331
365
15
1342
179
385
391
176
356
344
384
3390
321
3132
37
197
346
16
323
3227
172
155
333
1331
398
385
33
1534
312
166
169
178
117
350
331
117
119
1481
123
323
186
149
1776
384
147
371
33
333
133
1414
3746
375
393
1320
320
143
3104
1761
1189
399
390
160
16
193
359
188
388
3806
318
1623
399
344
356
35
124
319
130
330
368
122
146
3665
335
350
133
121
196
145
184
329
166
366
1275
346
171
374
11
310
3618
129
193
359
362
3391
348
156
317
183
117
134
142
379
376
36
393
322
117
183
387
187
351
151
1580
140
362
198
3756
195
118
359
1593
1354
199
124
393
335
14
3794
32
359
38
32
343
357
188
341
377
168
1189
132
178
128
388
1948
140
367
188
390
399
117
1451
353
1434
372
39
127
332
1602
173
378
326
366
384
184
316
384
1215
1557
1328
3503
3494
192
361
3486
115
354
1746
359
397
399
373
362
180
1456
318
378
195
383
310
321
145
321
150
360
185
1282
133
377
117
321
319
1139
161
3728
1470
3650
12
353
126
362
3605
326
3610
138
350
33
173
178
165
116
381
123
171
322
326
382
188
32
3744
172
122
384
1184
383
125
158
157
35
148
160
140
340
381
166
155
395
1584
111
179
380
322
1111
138
326
134
334
345
1950
144
349
1801
199
150
335
368
312
1998
180
313
399
167
132
3667
333
119
3119
136
315
321
115
366
120
3169
117
183
31
399
372
172
182
166
348
347
353
120
347
146
1681
18
343
135
159
353
348
155
194
348
367
367
160
158
157
138
338
351
186
355
385
369
163
14
32
391
3720
3449
156
1113
350
362
345
343
360
1826
313
35
348
1740
33
184
179
181
383
352
36
1855
159
354
142
158
155
145
199
399
326
3841
311
150
3741
3285
172
157
34
112
132
328
355
1868
322
37
341
330
131
331
1422
154
120
123
319
1197
318
160
187
111
1553
110
138
338
310
3568
3939
1317
1957
18
111
361
315
11
111
382
330
113
335
327
136
1356
158
39
374
171
3370
113
395
3637
347
3553
325
125
190
383
1793
122
3681
159
157
12
181
340
3116
326
1218
390
12
3580
192
315
395
390
19
3156
3153
3959
183
156
380
137
199
164
336
367
135
332
349
149
130
330
137
131
368
354
120
195
34
3449
19
159
376
192
377
323
178
370
3336
136
188
185
127
1856
149
3526
315
3568
310
353
34
329
126
384
141
1217
3960
193
329
34
329
177
355
15
337
15
319
153
332
1235
33
395
35
38
152
310
3934
112
188
1225
325
193
1638
331
186
153
349
138
339
1511
37
320
344
317
3382
189
376
3443
3308
1627
319
349
131
117
187
37
1524
33
312
392
396
323
123
191
123
325
1632
195
165
119
178
322
144
155
192
137
181
135
18
327
188
1846
161
18
116
369
331
1186
184
1515
144
171
162
362
332
368
392
175
3167
183
11
134
334
13
341
164
326
129
329
1465
1135
344
33
338
185
129
144
127
39
391
1621
179
146
1599
34
3944
1403
318
118
135
1419
3348
194
1113
3735
125
198
382
132
312
161
130
332
382
332
384
370
330
338
131
348
337
111
181
354
359
317
190
3406
354
190
110
134
129
363
317
390
381
362
150
3231
131
126
376
338
312
3528
33
384
385
371
159
3339
349
318
326
356
122
148
189
326
167
162
138
1343
343
357
13
1254
196
1504
114
141
391
3864
114
3197
115
332
135
38
197
324
169
131
197
3143
3698
181
3637
131
145
1329
350
198
3559
32
163
392
137
159
3161
12
162
148
143
3705
348
377
177
174
364
162
123
386
375
122
331
373
159
328
370
343
130
356
344
111
336
321
354
185
189
3274
131
1569
187
170
3257
3427
152
325
188
388
349
366
115
114
393
19
170
146
1187
177
3884
323
185
175
116
121
115
1485
136
164
147
153
194
146
340
119
1688
193
3999
190
359
35
173
392
17
185
129
397
37
133
381
340
163
313
383
112
136
15
336
313
388
320
130
199
376
147
369
331
350
135
152
126
137
383
348
148
317
118
182
178
345
333
355
385
13
363
379
34
145
399
340
14
340
318
141
17
138
113
344
342
144
114
39
19
333
330
322
343
120
323
34
32
113
114
119
135
12
315
133
347
324
136
137
338
133
148
311
33
325
326
312
343
126
13
38
344
138
131
135
343